Hour	Zone0	Zone1	Zone2	Zone3	Zone4	
0	0.00 	0.00 	0.00 	0.00 	0.00 	
1	163.00 	0.22 	0.00 	0.23 	0.00 	
2	222.00 	0.01 	1.62 	0.01 	1.62 	
3	249.00 	0.01 	1.72 	0.01 	1.72 	
4	285.00 	0.00 	0.70 	0.00 	0.68 	
5	319.00 	0.00 	0.30 	0.00 	0.22 	
6	295.00 	0.02 	2.64 	0.02 	2.64 	
7	208.00 	0.00 	0.60 	0.00 	0.58 	
8	183.00 	0.00 	0.43 	0.00 	0.40 	
9	132.00 	27.86 	0.93 	27.86 	0.92 	
10	133.00 	189.92 	5.95 	190.02 	5.79 	
11	133.00 	183.03 	11.73 	183.45 	11.33 	
12	165.00 	179.65 	14.98 	181.28 	14.14 	
13	163.00 	170.46 	23.59 	172.54 	22.26 	
14	193.00 	162.35 	33.44 	164.79 	31.52 	
15	193.00 	152.45 	46.40 	154.85 	44.21 	
16	189.00 	147.74 	53.01 	150.43 	50.23 	
17	268.00 	143.68 	62.77 	146.58 	59.02 	
18	302.00 	140.40 	73.13 	143.43 	68.23 	
19	315.00 	28.15 	2.54 	28.18 	2.23 	
20	332.00 	315.62 	322.95 	315.64 	322.97 	
21	268.00 	254.97 	260.73 	254.97 	260.74 	
22	233.00 	221.10 	226.70 	221.10 	226.70 	
23	200.00 	189.85 	194.67 	189.85 	194.66 	
24	175.00 	0.48 	1.80 	0.48 	1.69 	
25	158.00 	0.01 	1.26 	0.01 	1.16 	
26	158.00 	0.01 	1.27 	0.01 	1.17 	
27	187.00 	0.01 	1.52 	0.01 	1.39 	
28	187.00 	0.01 	1.40 	0.01 	1.25 	
29	227.00 	0.02 	1.89 	0.01 	1.73 	
30	227.00 	0.02 	1.90 	0.01 	1.74 	
31	261.00 	0.02 	2.19 	0.02 	2.01 	
32	243.00 	0.02 	2.03 	0.01 	1.86 	
33	173.00 	27.79 	1.65 	27.81 	1.53 	
34	191.00 	186.37 	13.58 	186.78 	12.71 	
35	132.00 	176.49 	21.47 	177.70 	20.02 	
36	133.00 	171.27 	25.38 	175.06 	22.09 	
37	128.00 	159.84 	33.83 	163.89 	30.19 	
38	142.00 	150.44 	42.27 	154.69 	38.23 	
39	169.00 	143.05 	51.42 	147.42 	46.78 	
40	316.00 	137.45 	69.51 	141.80 	63.29 	
41	251.00 	133.26 	81.89 	137.37 	74.74 	
42	251.00 	130.16 	93.44 	133.89 	85.48 	
43	238.00 	28.04 	3.00 	28.07 	2.68 	
44	209.00 	199.05 	203.42 	199.06 	203.43 	
45	183.00 	174.39 	178.11 	174.40 	178.12 	
46	142.00 	134.79 	138.21 	134.79 	138.21 	
47	159.00 	150.96 	154.78 	150.96 	154.78 	
48	182.00 	0.41 	2.31 	0.40 	2.17 	
49	164.00 	0.02 	1.75 	0.02 	1.61 	
50	163.00 	0.02 	1.76 	0.02 	1.61 	
51	151.00 	0.02 	1.65 	0.01 	1.50 	
52	211.00 	0.03 	2.33 	0.02 	2.12 	
53	244.00 	0.03 	2.71 	0.02 	2.47 	
54	293.00 	0.04 	3.29 	0.03 	3.00 	
55	330.00 	0.04 	3.71 	0.03 	3.38 	
56	397.00 	0.05 	4.44 	0.04 	4.05 	
57	319.00 	27.75 	3.86 	27.77 	3.56 	
58	257.00 	185.06 	22.74 	185.56 	21.06 	
59	219.00 	173.12 	39.81 	174.29 	37.12 	
60	207.00 	162.42 	54.43 	164.08 	50.86 	
61	198.00 	163.01 	58.28 	166.89 	53.98 	
62	197.00 	154.31 	71.12 	158.10 	66.35 	
63	204.00 	145.37 	87.03 	148.51 	82.19 	
64	212.00 	141.76 	95.65 	144.89 	90.00 	
65	214.00 	138.59 	104.82 	141.40 	98.65 	
66	241.00 	136.40 	115.31 	138.78 	108.51 	
67	241.00 	28.02 	3.53 	28.05 	3.20 	
68	234.00 	222.79 	227.76 	222.81 	227.77 	
69	210.00 	200.06 	204.43 	200.07 	204.44 	
70	235.00 	223.11 	228.76 	223.11 	228.76 	
71	235.00 	223.20 	228.86 	223.20 	228.86 	
72	227.00 	0.60 	3.14 	0.60 	2.96 	
73	218.00 	0.03 	2.59 	0.03 	2.39 	
74	220.00 	0.03 	2.66 	0.03 	2.45 	
75	216.00 	0.03 	2.64 	0.03 	2.42 	
76	216.00 	0.03 	2.67 	0.03 	2.45 	
77	157.00 	0.02 	1.96 	0.02 	1.80 	
78	218.00 	0.03 	2.74 	0.03 	2.51 	
79	250.00 	0.04 	3.22 	0.04 	2.97 	
80	290.00 	0.05 	3.59 	0.04 	3.29 	
81	282.00 	27.58 	5.84 	27.59 	5.68 	
82	272.00 	180.62 	37.49 	180.84 	36.42 	
83	272.00 	168.79 	61.03 	169.50 	58.88 	
84	208.00 	159.75 	75.01 	160.83 	72.15 	
85	214.00 	172.68 	96.10 	173.61 	94.29 	
86	125.00 	165.19 	100.00 	166.29 	98.30 	
87	55.00 	140.61 	111.54 	141.23 	110.51 	
88	78.00 	138.40 	108.70 	139.17 	108.02 	
89	82.00 	134.64 	105.47 	135.41 	105.01 	
90	87.00 	132.98 	104.41 	134.10 	104.20 	
91	127.00 	27.97 	2.08 	28.00 	1.92 	
92	188.00 	179.17 	183.02 	179.18 	183.03 	
93	246.00 	234.26 	239.49 	234.27 	239.50 	
94	246.00 	233.59 	239.50 	233.59 	239.51 	
95	246.00 	233.66 	239.58 	233.66 	239.58 	
96	246.00 	0.64 	3.59 	0.64 	3.41 	
97	246.00 	0.06 	3.75 	0.05 	3.58 	
98	246.00 	0.04 	3.21 	0.04 	2.99 	
99	246.00 	0.04 	3.22 	0.04 	2.98 	
100	246.00 	0.04 	3.26 	0.04 	3.02 	
101	246.00 	0.01 	1.42 	0.38 	0.62 	
102	246.00 	0.07 	4.13 	0.06 	3.94 	
103	246.00 	0.04 	3.28 	0.04 	3.03 	
104	246.00 	0.04 	3.30 	0.04 	3.06 	
105	246.00 	27.70 	3.44 	27.72 	3.20 	
106	246.00 	182.88 	24.60 	183.31 	23.12 	
107	351.00 	174.16 	47.37 	175.66 	43.26 	
108	250.00 	163.19 	67.21 	164.89 	62.24 	
109	150.00 	155.06 	75.48 	156.82 	70.45 	
110	159.00 	148.93 	83.64 	150.74 	78.53 	
111	117.00 	143.78 	86.93 	145.54 	82.06 	
112	116.00 	135.39 	91.66 	136.38 	87.45 	
113	116.00 	134.12 	93.06 	135.25 	89.20 	
114	130.00 	130.68 	96.30 	131.70 	92.47 	
115	146.00 	27.95 	2.45 	27.98 	2.26 	
116	256.00 	243.85 	249.36 	243.87 	249.37 	
117	308.00 	293.30 	300.06 	293.31 	300.07 	
118	308.00 	292.58 	300.03 	292.59 	300.03 	
119	308.00 	292.60 	300.05 	292.61 	300.05 	
120	308.00 	0.80 	4.49 	0.79 	4.28 	
121	308.00 	0.05 	3.88 	0.04 	3.62 	
122	308.00 	0.05 	4.10 	0.05 	3.83 	
123	308.00 	0.06 	4.14 	0.05 	3.86 	
124	482.00 	0.11 	7.33 	0.10 	6.94 	
125	482.00 	6.21 	0.13 	6.70 	0.12 	
126	338.00 	0.25 	9.05 	0.25 	8.91 	
127	337.00 	8.61 	0.23 	8.77 	0.24 	
128	337.00 	0.21 	8.05 	0.21 	7.90 	
129	337.00 	27.70 	4.41 	27.72 	4.09 	
130	337.00 	183.24 	30.45 	183.59 	28.44 	
131	337.00 	167.28 	71.07 	167.76 	68.28 	
132	349.00 	160.27 	99.83 	160.99 	95.81 	
133	349.00 	157.35 	126.53 	158.07 	121.56 	
134	314.00 	157.21 	146.46 	157.75 	140.97 	
135	260.00 	158.16 	158.18 	158.39 	152.58 	
136	259.00 	159.63 	170.01 	159.29 	164.55 	
137	227.00 	161.27 	175.91 	160.42 	170.66 	
138	212.00 	162.75 	179.10 	161.45 	174.03 	
139	212.00 	28.20 	2.26 	28.26 	1.71 	
140	338.00 	321.73 	329.23 	321.76 	329.25 	
141	346.00 	329.35 	337.02 	329.37 	337.04 	
142	356.00 	338.18 	346.78 	338.19 	346.79 	
143	437.00 	415.20 	425.76 	415.21 	425.77 	
144	353.00 	1.11 	5.14 	1.10 	4.89 	
145	351.00 	7.37 	0.18 	7.53 	0.18 	
146	351.00 	2.14 	0.04 	2.82 	0.03 	
147	318.00 	0.06 	4.23 	0.06 	3.95 	
148	344.00 	0.04 	3.61 	0.03 	3.19 	
149	290.00 	3.81 	0.06 	4.09 	0.06 	
150	290.00 	0.18 	7.07 	0.17 	6.93 	
151	232.00 	0.04 	2.83 	0.03 	2.58 	
152	265.00 	0.11 	5.34 	0.10 	5.18 	
153	268.00 	27.47 	7.47 	27.47 	7.36 	
154	285.00 	181.64 	35.69 	181.90 	34.42 	
155	331.00 	168.67 	68.88 	169.32 	66.41 	
156	353.00 	160.85 	98.44 	161.72 	94.64 	
157	266.00 	156.38 	119.59 	157.11 	115.53 	
158	190.00 	154.49 	127.46 	155.15 	123.45 	
159	184.00 	153.26 	133.48 	153.80 	129.54 	
160	184.00 	152.73 	138.27 	153.21 	134.34 	
161	165.00 	151.72 	140.85 	151.95 	137.09 	
162	184.00 	150.94 	144.73 	150.90 	140.98 	
163	211.00 	28.01 	3.66 	28.04 	3.39 	
164	511.00 	485.88 	497.52 	485.92 	497.57 	
165	218.00 	207.68 	212.22 	207.69 	212.24 	
166	255.00 	242.15 	248.26 	242.16 	248.27 	
167	251.00 	238.44 	244.46 	238.45 	244.46 	
168	251.00 	0.68 	3.93 	0.67 	3.76 	
169	551.00 	0.10 	7.53 	0.09 	7.09 	
170	551.00 	0.10 	7.60 	0.09 	7.13 	
171	551.00 	0.17 	9.82 	0.16 	9.45 	
172	431.00 	0.08 	5.84 	0.07 	5.43 	
173	371.00 	0.11 	6.28 	0.10 	6.01 	
174	407.00 	0.14 	7.68 	0.13 	7.41 	
175	407.00 	0.09 	5.92 	0.08 	5.55 	
176	410.00 	0.09 	6.14 	0.08 	5.78 	
177	358.00 	27.67 	6.04 	27.69 	5.75 	
178	358.00 	182.63 	38.36 	182.94 	36.29 	
179	353.00 	171.50 	69.03 	172.26 	65.34 	
180	374.00 	165.44 	89.96 	167.47 	83.19 	
181	393.00 	160.06 	119.75 	161.66 	111.78 	
182	347.00 	156.63 	160.16 	156.69 	152.90 	
183	324.00 	180.21 	161.33 	180.85 	155.17 	
184	264.00 	186.41 	163.14 	187.34 	157.11 	
185	274.00 	185.25 	171.84 	185.89 	165.37 	
186	187.00 	184.15 	173.15 	184.33 	167.08 	
187	100.00 	28.07 	1.97 	28.10 	1.85 	
188	119.00 	113.69 	115.87 	113.70 	115.88 	
189	182.00 	173.56 	177.25 	173.57 	177.26 	
190	276.00 	262.12 	268.73 	262.13 	268.74 	
191	407.00 	386.69 	396.45 	386.70 	396.46 	
192	431.00 	1.12 	6.77 	1.11 	6.51 	
193	485.00 	0.09 	6.70 	0.09 	6.36 	
194	530.00 	0.10 	7.46 	0.09 	7.06 	
195	530.00 	0.11 	7.52 	0.10 	7.10 	
196	530.00 	0.11 	7.58 	0.10 	7.15 	
197	530.00 	0.11 	7.68 	0.10 	7.25 	
198	530.00 	0.11 	7.77 	0.10 	7.33 	
199	523.00 	0.11 	7.70 	0.10 	7.27 	
200	523.00 	0.11 	7.69 	0.10 	7.25 	
201	523.00 	27.74 	7.66 	27.75 	7.23 	
202	523.00 	183.43 	52.92 	183.61 	50.19 	
203	523.00 	174.42 	98.43 	174.79 	93.48 	
204	523.00 	170.58 	128.14 	172.12 	119.09 	
205	523.00 	179.70 	142.15 	184.99 	129.42 	
206	385.00 	177.16 	187.67 	179.35 	176.59 	
207	333.00 	198.86 	187.69 	201.32 	178.48 	
208	301.00 	202.05 	193.74 	205.36 	183.46 	
209	284.00 	202.00 	200.33 	204.61 	189.89 	
210	201.00 	201.85 	200.38 	203.43 	190.81 	
211	167.00 	28.12 	3.19 	28.15 	2.98 	
212	142.00 	135.54 	138.27 	135.56 	138.28 	
213	217.00 	206.79 	211.30 	206.80 	211.31 	
214	216.00 	205.15 	210.31 	205.16 	210.32 	
215	285.00 	0.63 	4.73 	0.62 	4.54 	
216	242.00 	0.05 	3.56 	0.05 	3.38 	
217	287.00 	0.06 	4.27 	0.06 	4.04 	
218	304.00 	0.07 	4.57 	0.06 	4.31 	
219	335.00 	0.08 	5.06 	0.07 	4.77 	
220	334.00 	0.08 	5.09 	0.07 	4.79 	
221	334.00 	0.08 	5.14 	0.07 	4.85 	
222	334.00 	0.08 	5.19 	0.07 	4.89 	
223	366.00 	0.09 	5.64 	0.08 	5.32 	
224	366.00 	0.08 	5.50 	0.07 	5.17 	
225	384.00 	27.60 	8.66 	27.61 	8.44 	
226	380.00 	197.52 	11.38 	201.42 	12.81 	
227	380.00 	178.33 	58.22 	182.47 	58.02 	
228	282.00 	167.24 	81.68 	171.51 	80.24 	
229	312.00 	162.65 	98.01 	167.46 	94.49 	
230	313.00 	157.86 	119.01 	162.28 	114.43 	
231	366.00 	155.56 	143.46 	159.30 	137.80 	
232	268.00 	155.38 	161.80 	157.85 	156.51 	
233	231.00 	157.77 	163.04 	161.22 	157.04 	
234	210.00 	159.02 	164.05 	162.75 	157.89 	
235	137.00 	28.00 	2.66 	28.04 	2.50 	
236	183.00 	174.48 	178.18 	174.50 	178.20 	
237	189.00 	180.20 	184.03 	180.21 	184.05 	
238	178.00 	169.07 	173.32 	169.08 	173.33 	
239	214.00 	0.52 	3.63 	0.51 	3.50 	
240	224.00 	0.05 	3.38 	0.05 	3.22 	
241	241.00 	0.06 	3.69 	0.05 	3.50 	
242	258.00 	0.06 	3.99 	0.06 	3.78 	
243	242.00 	0.06 	3.77 	0.05 	3.57 	
244	287.00 	0.07 	4.50 	0.06 	4.26 	
245	299.00 	0.07 	4.73 	0.07 	4.48 	
246	297.00 	0.07 	4.63 	0.07 	4.38 	
247	288.00 	0.04 	3.40 	0.03 	3.06 	
248	235.00 	0.06 	3.69 	0.05 	3.49 	
249	239.00 	27.65 	3.79 	27.67 	3.60 	
250	224.00 	181.09 	23.84 	181.43 	22.63 	
251	219.00 	167.17 	44.14 	168.04 	42.11 	
252	248.00 	148.21 	81.91 	148.80 	79.70 	
253	273.00 	142.68 	102.18 	143.28 	99.17 	
254	370.00 	140.26 	155.75 	140.16 	152.66 	
255	352.00 	143.08 	175.52 	142.53 	171.61 	
256	296.00 	146.90 	187.05 	145.83 	182.77 	
257	317.00 	150.96 	198.39 	149.31 	193.59 	
258	201.00 	155.33 	198.62 	153.13 	194.22 	
259	162.00 	28.01 	3.19 	28.03 	3.01 	
260	210.00 	200.12 	204.48 	200.14 	204.49 	
261	224.00 	213.44 	218.11 	213.46 	218.13 	
262	222.00 	210.88 	216.18 	210.89 	216.18 	
263	249.00 	0.64 	4.25 	0.64 	4.11 	
264	209.00 	0.05 	3.17 	0.05 	3.03 	
265	227.00 	0.05 	3.49 	0.05 	3.33 	
266	271.00 	0.07 	4.21 	0.06 	4.01 	
267	240.00 	0.06 	3.77 	0.05 	3.58 	
268	303.00 	0.08 	4.89 	0.07 	4.66 	
269	327.00 	0.08 	5.19 	0.07 	4.94 	
270	357.00 	0.11 	6.40 	0.11 	6.16 	
271	347.00 	0.09 	5.47 	0.08 	5.20 	
272	306.00 	0.08 	4.89 	0.07 	4.66 	
273	327.00 	27.58 	7.27 	27.58 	7.10 	
274	262.00 	180.93 	31.77 	181.21 	30.48 	
275	194.00 	167.10 	49.44 	167.85 	47.49 	
276	263.00 	154.18 	76.28 	155.02 	73.59 	
277	249.00 	146.81 	95.42 	147.60 	92.09 	
278	218.00 	142.18 	108.47 	142.79 	104.79 	
279	230.00 	139.49 	120.60 	139.84 	116.54 	
280	240.00 	138.29 	132.28 	138.30 	127.88 	
281	261.00 	138.37 	144.75 	137.95 	139.97 	
282	200.00 	139.24 	150.09 	138.38 	145.41 	
283	149.00 	27.95 	2.90 	27.98 	2.74 	
284	190.00 	181.18 	185.06 	181.20 	185.07 	
285	211.00 	201.17 	205.55 	201.19 	205.56 	
286	211.00 	200.47 	205.52 	200.48 	205.53 	
287	230.00 	218.58 	224.09 	218.58 	224.09 	
288	203.00 	0.63 	3.36 	0.63 	3.26 	
289	239.00 	0.05 	3.52 	0.05 	3.38 	
290	288.00 	0.06 	4.34 	0.06 	4.14 	
291	291.00 	0.07 	4.43 	0.06 	4.23 	
292	348.00 	0.08 	5.34 	0.07 	5.08 	
293	291.00 	0.07 	4.53 	0.06 	4.32 	
294	291.00 	0.07 	4.51 	0.06 	4.29 	
295	334.00 	0.09 	5.59 	0.09 	5.36 	
296	366.00 	0.10 	6.05 	0.09 	5.80 	
297	366.00 	27.68 	6.06 	27.69 	5.81 	
298	384.00 	181.67 	40.98 	181.87 	39.19 	
299	380.00 	170.70 	74.94 	171.21 	71.75 	
300	380.00 	162.04 	109.12 	162.44 	104.89 	
301	282.00 	157.65 	127.24 	157.79 	122.53 	
302	312.00 	156.19 	140.17 	156.21 	134.18 	
303	313.00 	155.67 	152.39 	155.36 	145.38 	
304	366.00 	156.23 	170.39 	155.34 	162.54 	
305	268.00 	158.04 	179.70 	156.43 	172.01 	
306	231.00 	160.31 	184.55 	158.04 	177.25 	
307	210.00 	28.04 	3.94 	28.06 	3.71 	
308	137.00 	130.88 	133.49 	130.89 	133.50 	
309	183.00 	174.60 	178.31 	174.61 	178.32 	
310	189.00 	179.60 	184.13 	179.61 	184.14 	
311	178.00 	169.17 	173.44 	169.17 	173.45 	
312	214.00 	0.50 	3.21 	0.50 	3.11 	
313	224.00 	0.05 	3.19 	0.04 	3.06 	
314	241.00 	0.05 	3.49 	0.05 	3.34 	
315	258.00 	0.06 	3.78 	0.05 	3.61 	
316	242.00 	0.05 	3.59 	0.05 	3.43 	
317	287.00 	0.06 	4.27 	0.06 	4.07 	
318	299.00 	0.07 	4.46 	0.06 	4.26 	
319	297.00 	0.07 	4.42 	0.06 	4.21 	
320	288.00 	0.05 	3.71 	0.04 	3.48 	
321	235.00 	30.67 	0.40 	30.85 	0.42 	
322	153.00 	179.50 	19.61 	179.84 	19.22 	
323	144.00 	152.89 	43.16 	153.36 	42.59 	
324	94.00 	142.39 	48.52 	143.30 	47.78 	
325	94.00 	138.77 	57.10 	139.31 	56.98 	
326	147.00 	125.76 	73.25 	126.35 	72.91 	
327	172.00 	121.48 	82.85 	122.25 	82.02 	
328	202.00 	118.11 	96.97 	118.83 	95.75 	
329	202.00 	116.59 	107.91 	117.17 	106.31 	
330	242.00 	116.39 	120.14 	116.78 	117.93 	
331	190.00 	27.92 	3.46 	27.94 	3.28 	
332	141.00 	134.67 	137.38 	134.69 	137.40 	
333	86.00 	82.42 	83.79 	82.42 	83.80 	
334	34.00 	32.31 	33.13 	32.31 	33.13 	
335	59.00 	56.08 	57.49 	56.08 	57.49 	
336	62.00 	0.16 	0.97 	0.16 	0.94 	
337	83.00 	0.02 	1.15 	0.01 	1.10 	
338	70.00 	0.01 	0.99 	0.01 	0.95 	
339	109.00 	0.02 	1.56 	0.02 	1.49 	
340	140.00 	0.03 	2.02 	0.03 	1.93 	
341	138.00 	0.03 	2.01 	0.03 	1.91 	
342	210.00 	0.04 	3.08 	0.04 	2.94 	
343	210.00 	0.05 	3.10 	0.04 	2.95 	
344	211.00 	0.05 	3.11 	0.04 	2.96 	
345	214.00 	27.67 	3.21 	27.68 	3.06 	
346	166.00 	180.82 	17.56 	181.09 	16.79 	
347	138.00 	166.87 	29.32 	167.71 	28.08 	
348	143.00 	153.64 	40.91 	154.90 	39.23 	
349	113.00 	143.65 	47.68 	145.28 	45.73 	
350	176.00 	136.76 	58.06 	138.76 	55.40 	
351	176.00 	129.96 	69.34 	131.92 	66.27 	
352	216.00 	125.25 	82.39 	127.09 	78.72 	
353	234.00 	122.05 	96.02 	123.61 	91.78 	
354	257.00 	120.37 	110.70 	121.51 	105.89 	
355	154.00 	27.93 	2.74 	27.96 	2.57 	
356	115.00 	109.97 	112.05 	109.98 	112.06 	
357	47.00 	45.36 	45.79 	45.36 	45.80 	
358	49.00 	46.56 	47.73 	46.56 	47.73 	
359	59.00 	56.07 	57.48 	56.07 	57.49 	
360	58.00 	0.16 	0.91 	0.16 	0.88 	
361	68.00 	0.01 	0.94 	0.01 	0.90 	
362	77.00 	0.02 	1.08 	0.01 	1.03 	
363	117.00 	0.02 	1.66 	0.02 	1.58 	
364	190.00 	0.04 	2.72 	0.03 	2.58 	
365	245.00 	0.05 	3.53 	0.05 	3.36 	
366	245.00 	0.05 	3.55 	0.05 	3.37 	
367	245.00 	0.05 	3.55 	0.05 	3.38 	
368	245.00 	0.05 	3.55 	0.05 	3.37 	
369	245.00 	27.68 	3.64 	27.69 	3.47 	
370	245.00 	181.26 	24.67 	181.51 	23.53 	
371	245.00 	167.30 	48.15 	167.93 	46.28 	
372	245.00 	161.20 	59.14 	162.92 	55.28 	
373	219.00 	152.19 	74.95 	153.87 	70.61 	
374	278.00 	145.75 	94.90 	147.20 	89.87 	
375	278.00 	141.77 	112.49 	142.83 	106.92 	
376	306.00 	139.99 	130.28 	140.57 	124.11 	
377	261.00 	139.88 	140.32 	140.04 	133.70 	
378	196.00 	148.01 	140.72 	148.33 	135.07 	
379	163.00 	27.99 	3.48 	28.01 	3.36 	
380	139.00 	132.91 	135.61 	132.92 	135.62 	
381	70.00 	67.27 	68.28 	67.28 	68.29 	
382	69.00 	65.59 	67.27 	65.60 	67.28 	
383	77.00 	73.18 	75.05 	73.19 	75.06 	
384	98.00 	0.21 	1.44 	0.21 	1.40 	
385	132.00 	0.02 	1.71 	0.02 	1.64 	
386	167.00 	0.03 	2.23 	0.03 	2.13 	
387	177.00 	0.03 	2.41 	0.03 	2.29 	
388	153.00 	0.03 	2.04 	0.02 	1.93 	
389	201.00 	2.27 	0.12 	2.44 	0.10 	
390	199.00 	0.15 	5.47 	0.15 	5.41 	
391	199.00 	0.07 	3.81 	0.07 	3.71 	
392	199.00 	0.04 	2.68 	0.03 	2.54 	
393	199.00 	27.69 	2.75 	27.71 	2.61 	
394	199.00 	184.41 	14.21 	184.83 	12.96 	
395	199.00 	172.40 	29.53 	173.35 	27.61 	
396	199.00 	172.74 	36.82 	174.37 	35.36 	
397	240.00 	158.02 	62.81 	159.66 	60.95 	
398	296.00 	172.71 	72.55 	174.72 	71.44 	
399	295.00 	190.65 	87.76 	192.67 	87.34 	
400	295.00 	183.90 	104.92 	186.27 	103.56 	
401	345.00 	179.61 	121.34 	182.23 	118.64 	
402	369.00 	175.70 	141.65 	178.10 	137.97 	
403	369.00 	28.14 	5.68 	28.16 	5.37 	
404	248.00 	236.32 	241.62 	236.35 	241.65 	
405	158.00 	150.80 	153.91 	150.81 	153.93 	
406	106.00 	100.70 	103.25 	100.71 	103.26 	
407	116.00 	110.23 	113.02 	110.24 	113.03 	
408	131.00 	0.32 	1.89 	0.32 	1.84 	
409	133.00 	0.02 	1.66 	0.02 	1.59 	
410	157.00 	0.02 	1.98 	0.02 	1.90 	
411	190.00 	0.03 	2.42 	0.03 	2.32 	
412	190.00 	0.05 	3.29 	0.05 	3.21 	
413	190.00 	0.03 	2.48 	0.03 	2.38 	
414	190.00 	0.03 	2.52 	0.03 	2.41 	
415	190.00 	0.03 	2.52 	0.03 	2.41 	
416	190.00 	0.03 	2.53 	0.03 	2.42 	
417	190.00 	27.70 	2.55 	27.71 	2.44 	
418	190.00 	182.54 	17.06 	182.73 	16.34 	
419	256.00 	170.97 	36.98 	171.59 	35.48 	
420	322.00 	160.30 	62.51 	161.19 	59.98 	
421	302.00 	152.79 	83.95 	153.74 	80.58 	
422	292.00 	148.23 	101.37 	149.14 	97.32 	
423	336.00 	160.84 	104.65 	162.66 	101.27 	
424	369.00 	157.60 	125.33 	159.25 	120.93 	
425	369.00 	156.26 	139.39 	157.77 	133.48 	
426	369.00 	155.67 	157.87 	156.63 	151.34 	
427	369.00 	28.10 	5.60 	28.12 	5.29 	
428	344.00 	327.57 	335.21 	327.60 	335.24 	
429	126.00 	120.44 	122.79 	120.45 	122.80 	
430	93.00 	88.37 	90.61 	88.37 	90.62 	
431	88.00 	83.63 	85.75 	83.64 	85.76 	
432	101.00 	0.24 	1.57 	0.24 	1.54 	
433	101.00 	0.02 	1.22 	0.01 	1.18 	
434	133.00 	0.02 	1.65 	0.02 	1.59 	
435	181.00 	0.03 	2.28 	0.03 	2.18 	
436	181.00 	0.03 	2.31 	0.03 	2.21 	
437	181.00 	0.03 	2.29 	0.03 	2.19 	
438	318.00 	0.01 	1.79 	0.01 	1.27 	
439	306.00 	0.13 	6.37 	0.12 	6.27 	
440	276.00 	0.03 	2.60 	0.02 	2.41 	
441	282.00 	27.72 	3.55 	27.74 	3.41 	
442	276.00 	228.16 	34.35 	228.17 	34.31 	
443	276.00 	240.45 	79.98 	240.53 	80.09 	
444	252.00 	228.22 	95.57 	228.96 	95.09 	
445	209.00 	219.80 	104.60 	221.21 	103.69 	
446	209.00 	211.28 	113.64 	213.04 	112.39 	
447	291.00 	204.36 	128.19 	206.28 	126.30 	
448	333.00 	200.10 	142.70 	202.17 	139.95 	
449	366.00 	195.47 	167.35 	197.17 	164.26 	
450	385.00 	193.76 	200.55 	194.75 	197.50 	
451	299.00 	28.10 	6.14 	28.11 	5.99 	
452	207.00 	197.42 	201.74 	197.44 	201.76 	
453	125.00 	119.49 	121.82 	119.50 	121.83 	
454	169.00 	160.58 	164.67 	160.60 	164.68 	
455	100.00 	95.03 	97.44 	95.03 	97.44 	
456	98.00 	0.26 	1.33 	0.26 	1.29 	
457	108.00 	0.02 	1.26 	0.01 	1.21 	
458	134.00 	0.02 	1.59 	0.02 	1.53 	
459	144.00 	0.02 	1.73 	0.02 	1.66 	
460	144.00 	0.02 	1.73 	0.02 	1.66 	
461	144.00 	0.02 	1.76 	0.02 	1.68 	
462	144.00 	0.02 	1.77 	0.02 	1.70 	
463	144.00 	0.02 	1.78 	0.02 	1.70 	
464	144.00 	0.02 	1.77 	0.02 	1.70 	
465	144.00 	27.71 	1.81 	27.72 	1.73 	
466	144.00 	183.61 	11.37 	183.84 	10.80 	
467	144.00 	170.11 	23.25 	170.79 	22.31 	
468	144.00 	158.20 	33.56 	159.29 	32.21 	
469	144.00 	148.43 	42.72 	149.83 	41.01 	
470	144.00 	140.52 	50.72 	142.12 	48.70 	
471	144.00 	133.93 	57.93 	135.63 	55.67 	
472	144.00 	127.44 	65.73 	129.04 	63.36 	
473	144.00 	123.17 	71.54 	124.76 	68.99 	
474	144.00 	119.53 	77.02 	121.03 	74.34 	
475	144.00 	27.99 	2.04 	28.01 	1.93 	
476	258.00 	245.85 	251.40 	245.87 	251.42 	
477	258.00 	245.88 	251.42 	245.90 	251.44 	
478	126.00 	119.73 	122.77 	119.74 	122.78 	
479	126.00 	119.75 	122.79 	119.76 	122.80 	
480	138.00 	0.33 	1.82 	0.33 	1.77 	
481	102.00 	0.01 	1.15 	0.01 	1.11 	
482	137.00 	0.02 	1.58 	0.02 	1.52 	
483	154.00 	0.02 	1.80 	0.02 	1.72 	
484	202.00 	0.03 	2.39 	0.03 	2.28 	
485	202.00 	0.03 	2.41 	0.03 	2.31 	
486	202.00 	0.03 	2.38 	0.03 	2.28 	
487	277.00 	0.05 	3.86 	0.05 	3.74 	
488	277.00 	0.10 	5.23 	0.10 	5.15 	
489	345.00 	34.16 	0.67 	34.27 	0.68 	
490	345.00 	215.20 	9.25 	215.90 	9.80 	
491	345.00 	212.76 	19.46 	216.11 	18.24 	
492	337.00 	205.11 	32.99 	210.91 	27.97 	
493	259.00 	207.23 	39.91 	214.00 	36.22 	
494	314.00 	194.35 	64.59 	200.99 	60.03 	
495	315.00 	185.20 	85.50 	191.63 	80.09 	
496	315.00 	179.79 	101.24 	186.20 	94.79 	
497	378.00 	174.65 	123.79 	180.44 	116.47 	
498	378.00 	171.49 	143.76 	176.51 	135.65 	
499	378.00 	28.14 	5.57 	28.17 	5.21 	
500	185.00 	176.42 	180.19 	176.44 	180.21 	
501	125.00 	119.43 	121.75 	119.44 	121.76 	
502	137.00 	130.15 	133.44 	130.16 	133.45 	
503	137.00 	130.19 	133.48 	130.19 	133.48 	
504	139.00 	2.18 	0.38 	2.23 	0.39 	
505	93.00 	0.02 	1.06 	0.02 	1.01 	
506	93.00 	0.01 	1.12 	0.01 	1.06 	
507	154.00 	0.02 	1.89 	0.02 	1.79 	
508	202.00 	0.03 	2.50 	0.03 	2.37 	
509	202.00 	0.03 	2.53 	0.03 	2.39 	
510	202.00 	0.03 	2.54 	0.03 	2.41 	
511	277.00 	0.04 	3.49 	0.04 	3.31 	
512	179.00 	0.03 	2.09 	0.02 	1.96 	
513	179.00 	27.55 	3.55 	27.56 	3.48 	
514	179.00 	175.85 	28.93 	175.90 	28.54 	
515	179.00 	155.57 	53.37 	155.81 	52.74 	
516	179.00 	147.34 	65.53 	148.02 	64.41 	
517	179.00 	136.45 	84.90 	137.07 	83.71 	
518	179.00 	141.45 	89.60 	142.19 	88.87 	
519	179.00 	146.50 	96.11 	147.27 	95.74 	
520	179.00 	143.87 	101.71 	145.04 	100.76 	
521	179.00 	140.71 	108.18 	141.92 	106.85 	
522	179.00 	138.31 	113.99 	139.50 	112.34 	
523	179.00 	28.01 	2.88 	28.04 	2.70 	
524	179.00 	170.87 	174.53 	170.89 	174.55 	
525	185.00 	176.56 	180.36 	176.57 	180.37 	
526	196.00 	186.27 	191.03 	186.29 	191.04 	
527	205.00 	194.80 	199.77 	194.82 	199.78 	
528	205.00 	7.63 	0.76 	7.67 	0.77 	
529	214.00 	0.06 	2.79 	0.05 	2.68 	
530	223.00 	0.04 	2.92 	0.04 	2.78 	
531	223.00 	0.02 	2.21 	0.02 	2.00 	
532	315.00 	0.05 	3.95 	0.04 	3.72 	
533	315.00 	0.25 	1.39 	0.69 	0.91 	
534	315.00 	0.09 	5.32 	0.09 	5.14 	
535	315.00 	0.02 	2.22 	0.01 	1.71 	
536	315.00 	4.26 	0.06 	4.49 	0.06 	
537	315.00 	27.53 	8.26 	27.53 	8.16 	
538	315.00 	203.33 	16.18 	204.29 	16.58 	
539	315.00 	191.47 	38.55 	193.26 	37.51 	
540	315.00 	213.40 	67.50 	215.12 	67.22 	
541	315.00 	206.98 	82.96 	210.19 	80.89 	
542	315.00 	220.58 	96.54 	223.92 	95.57 	
543	315.00 	237.81 	119.67 	240.77 	119.67 	
544	315.00 	229.94 	136.32 	233.41 	135.34 	
545	315.00 	217.57 	164.33 	220.53 	163.04 	
546	315.00 	213.83 	176.64 	216.73 	174.61 	
547	315.00 	28.19 	5.42 	28.22 	5.14 	
548	315.00 	300.01 	306.95 	300.04 	306.98 	
549	315.00 	300.02 	306.95 	300.04 	306.98 	
550	428.00 	406.74 	417.10 	406.77 	417.13 	
551	428.00 	406.80 	417.17 	406.82 	417.19 	
552	373.00 	10.01 	1.13 	10.09 	1.14 	
553	327.00 	0.31 	0.31 	1.04 	0.08 	
554	327.00 	0.30 	9.95 	0.30 	9.89 	
555	327.00 	0.09 	5.29 	0.09 	5.14 	
556	389.00 	4.44 	0.07 	4.73 	0.08 	
557	430.00 	0.16 	7.75 	0.15 	7.56 	
558	499.00 	0.81 	2.19 	1.21 	1.42 	
559	512.00 	0.08 	6.37 	0.07 	5.99 	
560	369.00 	0.61 	0.54 	1.52 	0.16 	
561	369.00 	35.02 	0.71 	35.17 	0.72 	
562	287.00 	184.45 	38.50 	184.64 	37.95 	
563	218.00 	190.38 	58.55 	190.68 	58.48 	
564	199.00 	192.11 	80.10 	192.39 	80.38 	
565	221.00 	181.76 	94.70 	182.55 	94.27 	
566	253.00 	175.09 	108.16 	176.25 	106.77 	
567	315.00 	170.12 	126.11 	171.38 	123.59 	
568	315.00 	167.15 	142.02 	168.28 	138.52 	
569	315.00 	165.70 	156.32 	166.56 	152.00 	
570	315.00 	165.47 	169.36 	165.92 	164.37 	
571	315.00 	28.11 	4.92 	28.13 	4.57 	
572	315.00 	299.90 	306.83 	299.94 	306.86 	
573	315.00 	299.92 	306.82 	299.94 	306.84 	
574	428.00 	406.57 	416.87 	406.60 	416.90 	
575	428.00 	406.69 	417.00 	406.71 	417.01 	
576	373.00 	1.12 	5.35 	1.11 	5.13 	
577	327.00 	0.05 	3.97 	0.05 	3.74 	
578	327.00 	4.78 	0.08 	4.98 	0.08 	
579	327.00 	9.31 	0.26 	9.41 	0.26 	
580	389.00 	0.20 	8.24 	0.19 	8.08 	
581	430.00 	0.11 	6.63 	0.10 	6.36 	
582	499.00 	0.10 	6.91 	0.09 	6.56 	
583	512.00 	1.20 	0.02 	2.63 	0.03 	
584	369.00 	6.17 	0.11 	6.39 	0.11 	
585	369.00 	30.46 	0.23 	30.92 	0.27 	
586	180.00 	195.12 	3.68 	196.15 	4.82 	
587	192.00 	178.20 	22.47 	179.81 	22.89 	
588	181.00 	178.60 	43.00 	180.02 	43.94 	
589	167.00 	158.32 	63.83 	159.91 	64.42 	
590	142.00 	153.65 	69.57 	156.04 	69.85 	
591	143.00 	148.05 	75.65 	150.82 	75.66 	
592	196.00 	133.76 	106.81 	135.85 	106.70 	
593	212.00 	147.17 	112.76 	149.04 	113.05 	
594	301.00 	161.17 	116.60 	163.44 	117.20 	
595	292.00 	28.14 	3.67 	28.17 	3.40 	
596	252.00 	240.16 	245.56 	240.18 	245.58 	
597	111.00 	106.17 	108.16 	106.18 	108.17 	
598	93.00 	88.37 	90.61 	88.37 	90.62 	
599	64.00 	60.81 	62.35 	60.81 	62.35 	
600	65.00 	0.17 	0.80 	0.17 	0.77 	
601	56.00 	0.01 	0.64 	0.01 	0.61 	
602	60.00 	0.01 	0.69 	0.01 	0.66 	
603	89.00 	0.01 	1.04 	0.01 	0.99 	
604	180.00 	0.02 	2.12 	0.02 	2.02 	
605	180.00 	0.03 	2.13 	0.02 	2.03 	
606	180.00 	0.03 	2.14 	0.02 	2.04 	
607	180.00 	0.03 	2.15 	0.02 	2.05 	
608	180.00 	0.03 	2.16 	0.02 	2.06 	
609	215.00 	27.73 	2.59 	27.75 	2.47 	
610	239.00 	204.27 	17.10 	204.42 	17.18 	
611	210.00 	173.22 	54.35 	173.49 	54.22 	
612	183.00 	164.39 	63.88 	165.04 	63.34 	
613	164.00 	149.23 	80.36 	149.82 	79.79 	
614	164.00 	145.18 	85.42 	146.04 	84.56 	
615	180.00 	141.09 	92.10 	142.05 	90.98 	
616	154.00 	134.16 	101.24 	134.91 	100.24 	
617	213.00 	145.54 	107.12 	146.37 	106.48 	
618	302.00 	184.14 	122.25 	184.87 	121.99 	
619	302.00 	27.84 	12.17 	27.84 	12.13 	
620	230.00 	219.15 	223.98 	219.17 	224.00 	
621	230.00 	219.14 	223.96 	219.15 	223.97 	
622	120.00 	113.99 	116.86 	114.00 	116.87 	
623	120.00 	114.00 	116.87 	114.00 	116.87 	
624	110.00 	1.53 	0.31 	1.56 	0.31 	
625	79.00 	0.95 	0.01 	0.97 	0.01 	
626	89.00 	0.01 	0.98 	0.01 	0.95 	
627	88.00 	0.01 	1.07 	0.01 	1.04 	
628	105.00 	0.01 	0.88 	0.02 	0.82 	
629	172.00 	0.88 	0.10 	1.02 	0.06 	
630	172.00 	0.09 	4.01 	0.09 	3.98 	
631	172.00 	0.02 	1.87 	0.02 	1.80 	
632	172.00 	2.83 	0.05 	2.88 	0.06 	
633	172.00 	27.22 	6.63 	27.22 	6.61 	
634	287.00 	172.97 	70.58 	172.92 	70.41 	
635	245.00 	165.90 	83.20 	166.13 	82.59 	
636	229.00 	159.49 	95.68 	159.98 	94.67 	
637	211.00 	151.47 	114.20 	151.88 	113.20 	
638	174.00 	157.28 	123.45 	157.67 	122.83 	
639	263.00 	156.18 	135.77 	156.75 	134.79 	
640	237.00 	154.87 	164.55 	155.03 	163.77 	
641	296.00 	174.32 	164.78 	174.82 	164.18 	
642	318.00 	174.10 	176.48 	174.53 	175.21 	
643	318.00 	28.92 	0.94 	29.94 	0.59 	
644	318.00 	302.79 	309.75 	302.82 	309.78 	
645	318.00 	302.80 	309.74 	302.81 	309.75 	
646	305.00 	289.75 	297.04 	289.76 	297.05 	
647	127.00 	120.67 	123.70 	120.67 	123.70 	
648	117.00 	0.35 	1.61 	0.34 	1.56 	
649	118.00 	0.02 	1.40 	0.02 	1.34 	
650	179.00 	0.02 	2.12 	0.02 	2.02 	
651	179.00 	0.03 	2.20 	0.02 	2.10 	
652	236.00 	0.05 	3.43 	0.05 	3.31 	
653	257.00 	0.04 	2.99 	0.03 	2.82 	
654	232.00 	0.04 	2.87 	0.03 	2.73 	
655	260.00 	0.04 	3.28 	0.04 	3.12 	
656	293.00 	0.03 	2.65 	0.02 	2.39 	
657	293.00 	27.71 	3.59 	27.73 	3.41 	
658	207.00 	175.62 	33.94 	175.67 	33.49 	
659	189.00 	166.77 	45.27 	167.42 	44.11 	
660	189.00 	156.51 	58.49 	157.52 	56.81 	
661	164.00 	140.85 	77.37 	141.58 	75.76 	
662	134.00 	135.30 	82.88 	136.11 	81.15 	
663	166.00 	131.26 	90.00 	132.12 	87.98 	
664	201.00 	128.30 	99.19 	129.12 	96.72 	
665	270.00 	126.54 	112.93 	127.20 	109.71 	
666	438.00 	126.53 	139.25 	126.84 	134.48 	
667	294.00 	28.03 	4.42 	28.05 	4.12 	
668	254.00 	241.94 	247.34 	241.96 	247.36 	
669	166.00 	158.37 	161.64 	158.38 	161.65 	
670	108.00 	0.44 	1.58 	0.44 	1.51 	
671	103.00 	0.02 	1.55 	0.02 	1.48 	
672	94.00 	0.02 	1.27 	0.02 	1.20 	
673	83.00 	0.04 	1.86 	0.04 	1.82 	
674	111.00 	0.13 	3.84 	0.13 	3.81 	
675	115.00 	0.02 	1.53 	0.02 	1.44 	
676	180.00 	0.12 	4.65 	0.12 	4.58 	
677	219.00 	0.04 	3.11 	0.04 	2.94 	
678	205.00 	0.04 	2.71 	0.03 	2.54 	
679	381.00 	0.08 	5.39 	0.07 	5.10 	
680	386.00 	0.04 	3.87 	0.03 	3.43 	
681	386.00 	27.70 	5.63 	27.72 	5.33 	
682	319.00 	181.66 	32.92 	181.91 	31.31 	
683	196.00 	185.00 	54.97 	185.25 	54.01 	
684	157.00 	173.15 	65.13 	173.93 	63.76 	
685	185.00 	164.20 	76.30 	165.43 	74.35 	
686	155.00 	156.34 	83.90 	157.76 	81.68 	
687	231.00 	150.42 	97.48 	151.89 	94.58 	
688	242.00 	146.11 	111.26 	147.42 	107.81 	
689	267.00 	143.66 	125.22 	144.71 	121.11 	
690	315.00 	142.81 	140.83 	143.50 	135.75 	
691	315.00 	28.04 	5.24 	28.06 	4.88 	
692	203.00 	193.49 	197.67 	193.51 	197.69 	
693	147.00 	140.34 	143.16 	140.35 	143.17 	
694	119.00 	0.41 	1.97 	0.40 	1.89 	
695	94.00 	0.02 	1.37 	0.02 	1.29 	
696	82.00 	0.02 	1.21 	0.02 	1.14 	
697	70.00 	0.02 	1.10 	0.02 	1.05 	
698	94.00 	0.02 	1.49 	0.02 	1.42 	
699	74.00 	0.01 	0.94 	0.01 	0.86 	
700	104.00 	0.02 	1.58 	0.02 	1.49 	
701	219.00 	0.05 	3.35 	0.05 	3.16 	
702	205.00 	0.05 	3.16 	0.04 	2.98 	
703	381.00 	0.09 	5.88 	0.08 	5.55 	
704	386.00 	0.09 	5.94 	0.08 	5.61 	
705	386.00 	27.69 	6.06 	27.71 	5.73 	
706	319.00 	181.32 	35.33 	181.57 	33.57 	
707	196.00 	168.60 	51.82 	169.33 	49.39 	
708	157.00 	153.36 	66.65 	154.08 	64.12 	
709	185.00 	140.58 	86.64 	141.01 	84.12 	
710	155.00 	136.33 	93.43 	136.91 	90.72 	
711	166.00 	132.86 	100.77 	133.42 	97.89 	
712	201.00 	137.75 	102.74 	138.74 	100.33 	
713	270.00 	135.49 	118.32 	136.36 	115.00 	
714	438.00 	135.38 	148.93 	135.81 	143.80 	
715	294.00 	28.00 	5.28 	28.02 	4.92 	
716	254.00 	241.95 	247.36 	241.98 	247.38 	
717	166.00 	158.39 	161.68 	158.40 	161.69 	
718	108.00 	102.61 	105.18 	102.61 	105.19 	
719	103.00 	0.30 	1.68 	0.30 	1.61 	
720	94.00 	0.02 	1.41 	0.02 	1.34 	
721	83.00 	0.02 	1.28 	0.02 	1.21 	
722	111.00 	0.03 	1.71 	0.02 	1.61 	
723	115.00 	0.03 	1.78 	0.02 	1.68 	
724	180.00 	0.04 	2.81 	0.04 	2.65 	
725	219.00 	0.05 	3.45 	0.05 	3.26 	
726	205.00 	0.07 	3.87 	0.07 	3.72 	
727	381.00 	0.09 	5.91 	0.08 	5.56 	
728	386.00 	0.03 	3.35 	0.02 	2.65 	
729	386.00 	27.56 	10.49 	27.56 	10.30 	
730	319.00 	181.48 	38.84 	181.74 	37.18 	
731	196.00 	165.10 	60.03 	165.56 	58.04 	
732	157.00 	154.88 	70.26 	155.64 	67.94 	
733	185.00 	146.78 	82.87 	147.67 	80.18 	
734	155.00 	137.00 	95.24 	137.48 	92.77 	
735	166.00 	133.42 	102.32 	133.88 	99.67 	
736	201.00 	130.41 	115.27 	130.58 	112.55 	
737	270.00 	129.77 	130.20 	129.70 	126.79 	
738	438.00 	131.25 	159.45 	130.71 	154.44 	
739	294.00 	27.99 	5.35 	28.01 	5.02 	
740	254.00 	241.93 	247.32 	241.95 	247.34 	
741	166.00 	158.37 	161.64 	158.38 	161.65 	
742	108.00 	0.45 	1.91 	0.45 	1.83 	
743	103.00 	0.03 	1.62 	0.02 	1.54 	
744	94.00 	0.02 	1.50 	0.02 	1.42 	
