New Delhi
12/2016
PM2.5
163
222
249
285
319
295
208
183
132
133
133
165
163
193
193
189
268
302
315
332
268
233
200
175
158
158
187
187
227
227
261
243
173
191
132
133
128
142
169
316
251
251
238
209
183
142
159
182
164
163
151
211
244
293
330
397
319
257
219
207
198
197
204
212
214
241
241
234
210
235
235
227
218
220
216
216
157
218
250
290
282
272
272
208
214
125
55
78
82
87
127
188
246
246
246
246
246
246
246
246
246
246
246
246
246
246
351
250
150
159
117
116
116
130
146
256
308
308
308
308
308
308
308
482
482
338
337
337
337
337
337
349
349
314
260
259
227
212
212
338
346
356
437
353
351
351
318
344
290
290
232
265
268
285
331
353
266
190
184
184
165
184
211
511
218
255
251
251
551
551
551
431
371
407
407
410
358
358
353
374
393
347
324
264
274
187
100
119
182
276
407
431
485
530
530
530
530
530
523
523
523
523
523
523
523
385
333
301
284
201
167
142
217
216
285
242
287
304
335
334
334
334
366
366
384
380
380
282
312
313
366
268
231
210
137
183
189
178
214
224
241
258
242
287
299
297
288
235
239
224
219
248
273
370
352
296
317
201
162
210
224
222
249
209
227
271
240
303
327
357
347
306
327
262
194
263
249
218
230
240
261
200
149
190
211
211
230
203
239
288
291
348
291
291
334
366
366
384
380
380
282
312
313
366
268
231
210
137
183
189
178
214
224
241
258
242
287
299
297
288
235
153
144
94
94
147
172
202
202
242
190
141
86
34
59
62
83
70
109
140
138
210
210
211
214
166
138
143
113
176
176
216
234
257
154
115
47
49
59
58
68
77
117
190
245
245
245
245
245
245
245
245
219
278
278
306
261
196
163
139
70
69
77
98
132
167
177
153
201
199
199
199
199
199
199
199
240
296
295
295
345
369
369
248
158
106
116
131
133
157
190
190
190
190
190
190
190
190
256
322
302
292
336
369
369
369
369
344
126
93
88
101
101
133
181
181
181
318
306
276
282
276
276
252
209
209
291
333
366
385
299
207
125
169
100
98
108
134
144
144
144
144
144
144
144
144
144
144
144
144
144
144
144
144
144
258
258
126
126
138
102
137
154
202
202
202
277
277
345
345
345
337
259
314
315
315
378
378
378
185
125
137
137
139
93
93
154
202
202
202
277
179
179
179
179
179
179
179
179
179
179
179
179
179
185
196
205
205
214
223
223
315
315
315
315
315
315
315
315
315
315
315
315
315
315
315
315
315
315
428
428
373
327
327
327
389
430
499
512
369
369
287
218
199
221
253
315
315
315
315
315
315
315
428
428
373
327
327
327
389
430
499
512
369
369
180
192
181
167
142
143
196
212
301
292
252
111
93
64
65
56
60
89
180
180
180
180
180
215
239
210
183
164
164
180
154
213
302
302
230
230
120
120
110
79
89
88
105
172
172
172
172
172
287
245
229
211
174
263
237
296
318
318
318
318
305
127
117
118
179
179
236
257
232
260
293
293
207
189
189
164
134
166
201
270
438
294
254
166
108
103
94
83
111
115
180
219
205
381
386
386
319
196
157
185
155
231
242
267
315
315
203
147
119
94
82
70
94
74
104
219
205
381
386
386
319
196
157
185
155
166
201
270
438
294
254
166
108
103
94
83
111
115
180
219
205
381
386
386
319
196
157
185
155
166
201
270
438
294
254
166
108
103
94
83
111
115
180
219
205
381
386
386
319
196
157
185
155
