Hour	Zone0	Zone1	Zone2	Zone3	Zone4	
0	0.00	22.00	22.00	22.00	22.00	
1	12.09	22.21	22.20	22.20	22.19	
2	11.21	22.21	22.26	22.20	22.25	
3	11.40	22.25	22.30	22.23	22.28	
4	11.00	22.30	22.33	22.28	22.31	
5	10.60	22.34	22.37	22.31	22.34	
6	10.20	22.32	22.40	22.28	22.36	
7	11.09	22.38	22.43	22.34	22.38	
8	12.79	22.42	22.46	22.37	22.41	
9	15.87	22.45	22.58	22.40	22.52	
10	18.88	22.51	22.72	22.45	22.64	
11	21.97	22.56	22.94	22.49	22.84	
12	23.59	22.59	23.12	22.52	23.00	
13	24.69	22.65	23.14	22.56	22.99	
14	24.60	22.70	23.11	22.61	22.96	
15	24.40	22.74	23.07	22.64	22.91	
16	23.21	22.79	23.08	22.68	22.91	
17	21.81	22.82	23.08	22.70	22.91	
18	19.42	22.81	23.08	22.69	22.90	
19	17.22	22.80	23.09	22.68	22.91	
20	14.82	15.17	15.50	15.16	15.48	
21	13.61	13.95	14.28	13.95	14.28	
22	12.81	13.14	13.47	13.14	13.47	
23	13.00	13.28	13.57	13.29	13.57	
24	12.80	19.33	19.64	19.55	19.81	
25	13.00	19.81	20.11	19.96	20.22	
26	12.40	20.05	20.36	20.17	20.43	
27	12.00	20.20	20.52	20.29	20.56	
28	11.01	20.31	20.64	20.38	20.65	
29	10.21	20.39	20.72	20.44	20.72	
30	9.80	20.46	20.80	20.50	20.78	
31	10.49	20.52	20.86	20.55	20.83	
32	12.19	20.58	20.91	20.60	20.88	
33	15.17	20.65	21.12	20.65	21.06	
34	18.57	20.71	21.46	20.71	21.37	
35	21.97	20.78	21.72	20.77	21.60	
36	24.28	20.83	21.87	20.80	21.71	
37	25.49	20.90	21.87	20.87	21.70	
38	25.40	20.97	21.81	20.93	21.63	
39	24.51	21.04	21.77	20.99	21.59	
40	22.81	21.08	21.77	21.02	21.58	
41	21.02	21.09	21.77	21.03	21.57	
42	18.92	21.09	21.77	21.02	21.57	
43	17.02	21.09	21.79	21.03	21.58	
44	15.21	15.47	15.74	15.47	15.72	
45	14.01	14.28	14.56	14.28	14.55	
46	13.11	13.38	13.66	13.38	13.66	
47	12.80	13.06	13.32	13.06	13.33	
48	12.60	18.37	18.90	18.57	19.01	
49	12.50	18.77	19.32	18.91	19.37	
50	12.20	18.97	19.54	19.08	19.55	
51	11.80	19.10	19.68	19.19	19.67	
52	10.91	19.19	19.78	19.26	19.75	
53	10.60	19.27	19.86	19.32	19.82	
54	9.71	19.32	19.93	19.37	19.87	
55	10.69	19.38	19.99	19.42	19.92	
56	12.19	19.44	20.04	19.46	19.96	
57	16.07	19.51	20.26	19.53	20.16	
58	19.37	19.58	20.61	19.59	20.48	
59	22.97	19.66	20.86	19.66	20.69	
60	24.19	19.72	20.98	19.70	20.79	
61	24.99	19.77	20.93	19.75	20.74	
62	24.21	19.87	20.89	19.83	20.68	
63	24.10	19.93	20.86	19.89	20.64	
64	22.91	19.97	20.87	19.92	20.64	
65	22.01	20.00	20.88	19.94	20.64	
66	19.42	19.99	20.88	19.93	20.64	
67	17.32	19.99	20.89	19.92	20.65	
68	14.62	14.87	15.13	14.86	15.11	
69	13.71	13.95	14.20	13.94	14.19	
70	12.71	12.96	13.23	12.96	13.23	
71	13.20	13.39	13.61	13.39	13.61	
72	12.70	17.63	18.27	17.79	18.35	
73	12.90	17.97	18.65	18.09	18.67	
74	12.01	18.15	18.85	18.24	18.83	
75	12.00	18.27	18.98	18.33	18.94	
76	10.91	18.35	19.08	18.40	19.01	
77	10.21	18.41	19.16	18.45	19.08	
78	9.80	18.46	19.22	18.49	19.13	
79	10.69	18.51	19.28	18.53	19.17	
80	12.19	18.57	19.32	18.58	19.21	
81	14.98	18.62	19.53	18.62	19.40	
82	17.58	18.70	19.81	18.69	19.65	
83	20.38	18.77	20.06	18.76	19.88	
84	22.09	18.83	20.21	18.81	19.99	
85	23.49	18.89	20.31	18.85	20.09	
86	23.80	18.96	20.19	18.92	19.95	
87	24.00	19.01	20.24	18.96	20.00	
88	23.11	19.10	20.15	19.03	19.90	
89	21.81	19.13	20.15	19.05	19.89	
90	19.32	19.10	20.16	19.03	19.89	
91	16.92	19.10	20.16	19.02	19.90	
92	14.42	14.64	14.88	14.63	14.86	
93	13.21	13.44	13.69	13.44	13.68	
94	12.41	12.64	12.90	12.64	12.89	
95	12.60	12.79	13.01	12.79	13.01	
96	12.50	16.92	17.66	17.06	17.71	
97	12.60	17.24	18.03	17.33	18.02	
98	12.00	17.41	18.22	17.48	18.18	
99	11.60	17.52	18.35	17.57	18.28	
100	10.61	17.60	18.44	17.63	18.35	
101	11.20	17.70	18.52	17.73	18.40	
102	10.90	17.71	18.58	17.71	18.46	
103	11.59	17.77	18.63	17.77	18.51	
104	12.39	17.82	18.68	17.81	18.55	
105	14.78	17.89	18.85	17.87	18.70	
106	17.28	17.96	19.13	17.93	18.95	
107	20.18	18.01	19.41	17.98	19.20	
108	21.79	18.08	19.54	18.04	19.31	
109	22.99	18.13	19.57	18.08	19.32	
110	22.60	18.19	19.52	18.13	19.26	
111	22.20	18.26	19.47	18.19	19.21	
112	20.81	18.33	19.46	18.26	19.20	
113	19.61	18.33	19.47	18.24	19.20	
114	17.72	18.32	19.47	18.23	19.19	
115	16.61	18.33	19.48	18.24	19.20	
116	15.41	15.54	15.71	15.54	15.69	
117	15.20	15.32	15.47	15.31	15.46	
118	14.51	14.64	14.81	14.64	14.80	
119	14.20	14.34	14.50	14.34	14.49	
120	13.01	17.07	17.84	17.12	17.79	
121	12.21	17.28	18.09	17.29	18.00	
122	11.21	17.38	18.23	17.37	18.11	
123	11.20	17.45	18.32	17.43	18.19	
124	10.90	17.50	18.39	17.47	18.24	
125	10.01	17.61	18.39	17.57	18.22	
126	9.31	17.53	18.49	17.47	18.32	
127	9.80	17.69	18.41	17.63	18.23	
128	11.39	17.63	18.56	17.56	18.37	
129	14.18	17.73	18.65	17.66	18.46	
130	17.27	17.80	19.01	17.72	18.79	
131	20.37	17.86	19.34	17.78	19.08	
132	22.48	17.91	19.48	17.82	19.19	
133	23.69	17.97	19.46	17.88	19.16	
134	23.80	18.04	19.39	17.94	19.09	
135	23.30	18.10	19.35	17.98	19.04	
136	22.11	18.17	19.34	18.04	19.02	
137	20.61	18.19	19.34	18.06	19.02	
138	18.72	18.17	19.34	18.04	19.02	
139	17.01	18.17	19.35	18.03	19.03	
140	15.41	15.54	15.71	15.54	15.69	
141	14.61	14.75	14.92	14.74	14.91	
142	14.10	14.25	14.42	14.25	14.41	
143	14.20	14.32	14.47	14.32	14.46	
144	14.20	16.89	17.66	16.90	17.60	
145	14.10	17.13	17.88	17.11	17.76	
146	13.41	17.24	18.05	17.20	17.89	
147	12.51	17.28	18.15	17.23	17.98	
148	11.11	17.34	18.22	17.27	18.04	
149	10.41	17.43	18.22	17.35	18.02	
150	9.51	17.36	18.31	17.27	18.11	
151	9.80	17.44	18.37	17.35	18.15	
152	11.39	17.45	18.40	17.36	18.18	
153	14.18	17.51	18.58	17.40	18.35	
154	17.27	17.59	18.94	17.48	18.68	
155	20.18	17.66	19.20	17.55	18.90	
156	22.18	17.73	19.28	17.60	18.96	
157	23.49	17.79	19.29	17.66	18.96	
158	23.80	17.83	19.25	17.69	18.91	
159	23.70	17.88	19.18	17.74	18.84	
160	22.71	17.95	19.18	17.80	18.83	
161	21.21	17.99	19.19	17.82	18.83	
162	18.82	17.97	19.18	17.80	18.82	
163	16.22	17.95	19.19	17.79	18.83	
164	13.62	13.83	14.06	13.82	14.04	
165	11.91	12.16	12.43	12.15	12.41	
166	11.01	11.25	11.52	11.25	11.51	
167	11.40	11.59	11.81	11.59	11.81	
168	12.19	15.75	16.60	15.84	16.59	
169	13.19	16.09	16.98	16.12	16.91	
170	13.40	16.26	17.18	16.27	17.07	
171	13.00	16.37	17.30	16.35	17.17	
172	11.71	16.45	17.40	16.41	17.25	
173	10.41	16.49	17.47	16.45	17.30	
174	9.11	16.52	17.53	16.46	17.35	
175	9.70	16.58	17.59	16.52	17.40	
176	10.59	16.63	17.63	16.56	17.44	
177	14.47	16.71	17.85	16.63	17.64	
178	17.77	16.78	18.20	16.69	17.95	
179	21.77	16.86	18.41	16.77	18.13	
180	22.89	16.91	18.43	16.80	18.15	
181	23.89	17.03	18.41	16.91	18.11	
182	22.81	17.13	18.39	17.01	18.09	
183	22.90	17.09	18.45	16.96	18.14	
184	21.61	17.14	18.41	17.00	18.10	
185	21.01	17.19	18.41	17.05	18.08	
186	18.22	17.18	18.40	17.03	18.08	
187	16.22	17.18	18.41	17.03	18.08	
188	13.22	13.42	13.64	13.41	13.62	
189	12.41	12.59	12.81	12.59	12.79	
190	11.01	11.24	11.49	11.24	11.48	
191	11.40	11.57	11.77	11.57	11.77	
192	10.41	15.28	16.13	15.35	16.12	
193	10.80	15.58	16.48	15.60	16.41	
194	10.01	15.73	16.66	15.72	16.56	
195	10.79	15.83	16.78	15.81	16.65	
196	10.21	15.90	16.87	15.86	16.72	
197	8.41	15.95	16.94	15.90	16.77	
198	7.11	15.98	17.00	15.92	16.82	
199	7.60	16.02	17.05	15.96	16.86	
200	9.19	16.07	17.09	16.00	16.90	
201	13.17	16.15	17.17	16.07	16.97	
202	16.97	16.22	17.58	16.13	17.35	
203	20.97	16.30	17.90	16.20	17.64	
204	22.69	16.32	18.02	16.21	17.73	
205	23.49	16.36	18.05	16.25	17.75	
206	22.61	16.55	17.92	16.44	17.61	
207	22.01	16.51	17.96	16.38	17.65	
208	20.51	16.58	17.90	16.44	17.58	
209	19.41	16.61	17.90	16.47	17.58	
210	17.02	16.60	17.90	16.45	17.57	
211	15.02	16.59	17.91	16.44	17.57	
212	12.42	12.62	12.85	12.61	12.83	
213	11.11	11.33	11.58	11.32	11.56	
214	10.01	10.25	10.51	10.24	10.50	
215	10.20	14.95	15.91	15.01	15.88	
216	10.00	15.24	16.27	15.25	16.17	
217	10.69	15.40	16.45	15.38	16.31	
218	10.40	15.49	16.56	15.46	16.40	
219	10.50	15.56	16.64	15.51	16.47	
220	9.31	15.61	16.71	15.55	16.52	
221	7.61	15.64	16.76	15.57	16.56	
222	6.91	15.67	16.81	15.59	16.60	
223	7.59	15.71	16.85	15.63	16.64	
224	8.99	15.76	16.89	15.66	16.67	
225	12.07	15.80	17.04	15.70	16.81	
226	15.07	15.90	17.36	15.80	17.10	
227	18.17	15.97	17.57	15.86	17.28	
228	19.79	16.02	17.69	15.90	17.38	
229	20.89	16.06	17.73	15.93	17.40	
230	20.60	16.15	17.65	16.02	17.32	
231	20.40	16.21	17.62	16.06	17.29	
232	19.21	16.27	17.61	16.12	17.28	
233	18.01	16.27	17.63	16.11	17.29	
234	15.82	16.26	17.63	16.10	17.28	
235	13.82	16.25	17.63	16.09	17.29	
236	11.62	11.83	12.08	11.82	12.05	
237	10.51	10.73	10.98	10.72	10.97	
238	9.61	9.84	10.10	9.84	10.09	
239	9.60	14.51	15.52	14.56	15.48	
240	9.30	14.81	15.88	14.81	15.78	
241	9.50	14.96	16.06	14.94	15.93	
242	9.00	15.06	16.18	15.01	16.02	
243	8.90	15.13	16.27	15.07	16.09	
244	8.01	15.18	16.33	15.10	16.14	
245	7.21	15.21	16.39	15.13	16.18	
246	6.90	15.25	16.44	15.16	16.22	
247	7.89	15.31	16.48	15.22	16.26	
248	9.39	15.34	16.52	15.24	16.29	
249	12.18	15.41	16.61	15.30	16.38	
250	14.68	15.47	16.95	15.36	16.70	
251	17.38	15.53	17.22	15.41	16.93	
252	18.89	15.64	17.23	15.52	16.92	
253	20.19	15.67	17.29	15.53	16.97	
254	20.60	15.78	17.24	15.64	16.92	
255	21.10	15.80	17.22	15.65	16.89	
256	20.31	15.86	17.22	15.70	16.89	
257	19.21	15.86	17.22	15.70	16.88	
258	16.62	15.85	17.22	15.68	16.88	
259	14.12	15.84	17.23	15.67	16.89	
260	11.42	11.63	11.88	11.62	11.85	
261	10.11	10.34	10.59	10.33	10.58	
262	9.31	9.53	9.79	9.53	9.78	
263	9.60	14.15	15.16	14.19	15.13	
264	9.40	14.45	15.52	14.44	15.43	
265	9.50	14.60	15.71	14.57	15.57	
266	8.81	14.69	15.82	14.64	15.66	
267	8.40	14.76	15.91	14.69	15.73	
268	7.41	14.80	15.97	14.72	15.78	
269	8.00	14.85	16.03	14.76	15.82	
270	7.41	14.88	16.07	14.78	15.86	
271	8.29	14.93	16.12	14.82	15.90	
272	9.39	14.97	16.16	14.86	15.93	
273	12.67	15.03	16.34	14.91	16.11	
274	15.67	15.10	16.68	14.98	16.42	
275	19.17	15.18	16.96	15.05	16.66	
276	20.79	15.26	16.98	15.13	16.66	
277	21.99	15.33	16.97	15.19	16.64	
278	21.60	15.40	16.93	15.24	16.60	
279	21.60	15.44	16.90	15.28	16.56	
280	20.11	15.49	16.90	15.32	16.56	
281	19.01	15.52	16.91	15.34	16.56	
282	16.42	15.49	16.90	15.32	16.55	
283	14.52	15.49	16.91	15.31	16.56	
284	12.22	12.38	12.58	12.37	12.55	
285	11.60	11.75	11.94	11.75	11.93	
286	10.71	10.88	11.09	10.88	11.07	
287	10.80	10.94	11.12	10.94	11.11	
288	9.81	13.98	14.93	13.99	14.87	
289	9.50	14.21	15.23	14.19	15.12	
290	8.41	14.33	15.39	14.28	15.25	
291	8.50	14.41	15.50	14.34	15.33	
292	7.81	14.47	15.57	14.39	15.39	
293	8.79	14.53	15.64	14.43	15.44	
294	7.91	14.56	15.69	14.46	15.48	
295	8.50	14.60	15.73	14.49	15.52	
296	9.79	14.64	15.77	14.53	15.55	
297	13.17	14.72	15.89	14.60	15.66	
298	16.67	14.80	16.21	14.67	15.95	
299	20.37	14.88	16.43	14.74	16.14	
300	22.18	14.95	16.56	14.81	16.25	
301	23.09	15.00	16.59	14.86	16.26	
302	22.21	15.05	16.51	14.89	16.18	
303	21.41	15.11	16.49	14.94	16.16	
304	19.61	15.14	16.49	14.97	16.15	
305	18.41	15.16	16.49	14.98	16.15	
306	16.32	15.15	16.49	14.97	16.15	
307	15.01	15.16	16.50	14.97	16.16	
308	13.21	13.32	13.46	13.31	13.43	
309	12.51	12.61	12.76	12.61	12.74	
310	11.61	11.74	11.91	11.74	11.90	
311	11.40	11.53	11.68	11.52	11.67	
312	10.61	14.10	14.98	14.07	14.89	
313	10.50	14.28	15.23	14.22	15.09	
314	9.81	14.38	15.36	14.30	15.20	
315	9.90	14.45	15.45	14.35	15.26	
316	9.11	14.50	15.52	14.39	15.32	
317	9.60	14.54	15.58	14.42	15.36	
318	9.70	14.58	15.62	14.46	15.40	
319	10.99	14.63	15.66	14.49	15.43	
320	12.39	14.67	15.70	14.54	15.47	
321	14.98	14.74	15.90	14.60	15.65	
322	17.18	14.81	16.16	14.66	15.88	
323	19.58	14.92	16.38	14.76	16.08	
324	20.69	14.93	16.50	14.76	16.17	
325	21.59	14.93	16.57	14.76	16.23	
326	21.60	15.11	16.45	14.93	16.11	
327	21.80	15.11	16.43	14.92	16.08	
328	21.01	15.18	16.42	14.99	16.07	
329	20.01	15.21	16.43	15.00	16.07	
330	17.72	15.18	16.42	14.98	16.06	
331	15.72	15.17	16.43	14.97	16.07	
332	13.42	13.52	13.65	13.51	13.63	
333	12.41	12.53	12.68	12.52	12.66	
334	11.61	11.74	11.91	11.74	11.89	
335	11.60	11.72	11.86	11.71	11.85	
336	10.91	14.14	14.98	14.10	14.87	
337	10.70	14.32	15.22	14.24	15.06	
338	9.81	14.42	15.35	14.32	15.16	
339	9.70	14.48	15.44	14.36	15.23	
340	9.20	14.53	15.50	14.40	15.28	
341	8.80	14.57	15.55	14.43	15.32	
342	7.61	14.60	15.60	14.45	15.36	
343	8.00	14.63	15.64	14.48	15.39	
344	9.39	14.67	15.68	14.51	15.42	
345	13.07	14.74	15.80	14.57	15.54	
346	16.77	14.81	16.11	14.64	15.82	
347	20.77	14.88	16.41	14.71	16.09	
348	22.59	14.95	16.51	14.77	16.16	
349	23.39	15.01	16.48	14.82	16.12	
350	22.41	15.07	16.43	14.87	16.07	
351	21.51	15.13	16.40	14.92	16.03	
352	19.81	15.15	16.39	14.94	16.02	
353	18.61	15.16	16.39	14.94	16.02	
354	16.62	15.15	16.39	14.93	16.01	
355	15.21	15.15	16.40	14.93	16.02	
356	13.22	13.32	13.46	13.31	13.43	
357	12.21	12.33	12.49	12.32	12.47	
358	11.01	11.17	11.36	11.17	11.34	
359	10.80	10.95	11.12	10.94	11.11	
360	10.11	13.94	14.77	13.90	14.67	
361	10.30	14.15	15.04	14.08	14.89	
362	10.00	14.26	15.18	14.17	15.00	
363	10.20	14.34	15.28	14.22	15.07	
364	9.41	14.39	15.35	14.26	15.12	
365	9.20	14.44	15.40	14.30	15.17	
366	9.00	14.47	15.45	14.33	15.21	
367	9.79	14.51	15.49	14.36	15.24	
368	10.79	14.55	15.53	14.39	15.27	
369	13.58	14.62	15.67	14.45	15.41	
370	16.57	14.69	15.91	14.52	15.62	
371	20.17	14.76	16.22	14.59	15.90	
372	22.48	14.79	16.30	14.60	15.96	
373	24.19	14.89	16.34	14.69	15.98	
374	24.20	14.94	16.29	14.74	15.93	
375	24.00	15.00	16.24	14.79	15.88	
376	22.71	15.06	16.24	14.85	15.87	
377	21.81	15.08	16.25	14.85	15.87	
378	20.31	15.06	16.33	14.83	15.97	
379	19.61	15.09	16.26	14.87	15.88	
380	18.61	18.48	18.40	18.47	18.38	
381	18.20	18.11	18.05	18.10	18.03	
382	16.81	16.80	16.81	16.78	16.78	
383	15.41	15.46	15.52	15.44	15.50	
384	12.92	15.97	16.70	15.75	16.42	
385	11.21	15.93	16.73	15.70	16.43	
386	9.41	15.91	16.75	15.67	16.43	
387	9.10	15.90	16.77	15.66	16.44	
388	8.80	15.90	16.79	15.65	16.45	
389	12.57	15.97	16.79	15.71	16.44	
390	12.10	15.92	16.82	15.66	16.47	
391	12.60	15.95	16.85	15.69	16.50	
392	13.59	15.99	16.87	15.72	16.52	
393	15.68	16.03	16.95	15.76	16.59	
394	17.88	16.09	17.08	15.82	16.71	
395	20.18	16.15	17.26	15.87	16.87	
396	21.69	16.17	17.42	15.88	17.02	
397	22.89	16.29	17.40	16.00	16.99	
398	23.20	16.25	17.48	15.96	17.06	
399	23.30	16.30	17.48	16.00	17.06	
400	22.61	16.38	17.40	16.08	16.98	
401	21.41	16.41	17.40	16.10	16.97	
402	19.32	16.39	17.39	16.08	16.96	
403	17.02	16.38	17.40	16.07	16.97	
404	14.62	14.72	14.85	14.71	14.81	
405	13.11	13.26	13.43	13.25	13.40	
406	12.11	12.27	12.46	12.26	12.44	
407	12.20	12.33	12.49	12.33	12.47	
408	12.50	15.16	15.85	15.06	15.71	
409	13.19	15.37	16.10	15.24	15.91	
410	13.40	15.49	16.24	15.32	16.01	
411	13.50	15.56	16.33	15.38	16.08	
412	13.00	15.61	16.39	15.41	16.13	
413	9.63	15.64	16.45	15.43	16.17	
414	8.61	15.67	16.49	15.45	16.21	
415	9.29	15.70	16.53	15.48	16.24	
416	10.39	15.74	16.57	15.51	16.27	
417	13.97	15.80	16.66	15.57	16.35	
418	17.17	15.88	16.80	15.64	16.49	
419	20.97	15.95	17.08	15.70	16.74	
420	22.49	16.00	17.22	15.76	16.86	
421	23.49	16.08	17.20	15.82	16.83	
422	22.81	16.12	17.20	15.86	16.82	
423	22.70	16.12	17.22	15.86	16.84	
424	21.51	16.21	17.19	15.93	16.80	
425	20.81	16.23	17.19	15.95	16.80	
426	18.62	16.22	17.18	15.94	16.79	
427	17.21	16.22	17.19	15.94	16.80	
428	15.02	15.09	15.20	15.08	15.17	
429	14.40	14.48	14.59	14.47	14.57	
430	13.31	13.43	13.57	13.42	13.55	
431	13.20	13.30	13.43	13.30	13.42	
432	12.01	15.44	16.09	15.33	15.94	
433	11.70	15.60	16.30	15.45	16.09	
434	10.61	15.68	16.40	15.51	16.17	
435	10.60	15.73	16.48	15.55	16.23	
436	9.71	15.77	16.53	15.57	16.27	
437	13.77	15.83	16.58	15.63	16.31	
438	13.70	15.88	16.63	15.67	16.34	
439	14.10	15.90	16.66	15.68	16.37	
440	14.20	15.94	16.69	15.72	16.40	
441	15.79	15.99	16.78	15.76	16.48	
442	17.29	16.07	17.00	15.83	16.70	
443	19.58	16.12	17.25	15.87	16.92	
444	20.79	16.17	17.30	15.93	16.95	
445	21.89	16.24	17.30	15.98	16.94	
446	21.80	16.30	17.28	16.04	16.92	
447	21.90	16.35	17.28	16.08	16.91	
448	21.01	16.38	17.28	16.11	16.91	
449	20.21	16.43	17.29	16.15	16.91	
450	18.41	16.42	17.28	16.14	16.90	
451	17.21	16.41	17.29	16.13	16.91	
452	15.61	15.67	15.74	15.65	15.72	
453	15.00	15.07	15.16	15.06	15.13	
454	13.91	14.02	14.14	14.01	14.12	
455	13.40	13.52	13.65	13.51	13.63	
456	12.21	15.73	16.33	15.61	16.17	
457	11.80	15.88	16.52	15.72	16.31	
458	11.40	15.95	16.62	15.77	16.39	
459	12.29	16.01	16.69	15.82	16.44	
460	12.80	16.06	16.74	15.85	16.48	
461	11.02	16.09	16.79	15.87	16.51	
462	10.50	16.11	16.83	15.89	16.55	
463	11.19	16.15	16.86	15.92	16.58	
464	12.19	16.18	16.89	15.95	16.60	
465	14.68	16.23	16.99	16.00	16.69	
466	16.98	16.29	17.21	16.05	16.89	
467	19.58	16.36	17.42	16.12	17.08	
468	20.69	16.42	17.48	16.17	17.12	
469	21.49	16.50	17.46	16.24	17.10	
470	21.20	16.55	17.45	16.28	17.08	
471	21.20	16.58	17.44	16.31	17.07	
472	20.31	16.62	17.45	16.34	17.08	
473	19.61	16.63	17.46	16.35	17.08	
474	17.91	16.62	17.46	16.34	17.08	
475	16.61	16.62	17.47	16.34	17.09	
476	15.01	15.10	15.21	15.09	15.18	
477	14.60	14.68	14.79	14.67	14.77	
478	13.91	14.01	14.14	14.00	14.12	
479	14.00	14.08	14.19	14.08	14.17	
480	13.31	15.85	16.42	15.74	16.26	
481	12.90	16.00	16.60	15.84	16.40	
482	12.01	16.07	16.70	15.90	16.48	
483	11.80	16.13	16.77	15.94	16.53	
484	11.11	16.17	16.83	15.97	16.57	
485	10.60	16.20	16.87	15.99	16.61	
486	10.80	16.23	16.91	16.02	16.64	
487	12.19	16.27	16.95	16.05	16.67	
488	14.18	16.30	16.98	16.08	16.69	
489	16.88	16.38	17.21	16.15	16.91	
490	19.28	16.41	17.53	16.18	17.20	
491	21.38	16.47	17.69	16.23	17.34	
492	22.49	16.51	17.76	16.26	17.38	
493	23.09	16.57	17.73	16.32	17.36	
494	23.00	16.67	17.69	16.41	17.30	
495	22.80	16.71	17.67	16.45	17.28	
496	21.81	16.75	17.67	16.48	17.28	
497	20.41	16.77	17.68	16.50	17.28	
498	18.12	16.76	17.67	16.48	17.27	
499	15.92	16.75	17.68	16.47	17.28	
500	13.62	13.77	13.95	13.76	13.92	
501	12.41	12.59	12.78	12.58	12.76	
502	11.71	11.89	12.09	11.88	12.07	
503	12.00	12.14	12.30	12.13	12.29	
504	12.20	15.21	15.80	15.16	15.70	
505	12.40	15.44	16.10	15.35	15.95	
506	12.00	15.56	16.26	15.45	16.07	
507	11.50	15.65	16.36	15.51	16.15	
508	10.81	15.71	16.43	15.56	16.20	
509	10.40	15.76	16.49	15.59	16.25	
510	10.10	15.80	16.54	15.63	16.29	
511	10.60	15.84	16.59	15.66	16.33	
512	11.59	15.88	16.62	15.70	16.36	
513	14.08	15.93	16.75	15.74	16.48	
514	16.88	16.00	17.07	15.81	16.77	
515	19.97	16.10	17.31	15.90	16.99	
516	21.98	16.13	17.47	15.92	17.11	
517	23.19	16.25	17.43	16.04	17.07	
518	23.00	16.22	17.44	16.00	17.07	
519	22.41	16.26	17.42	16.03	17.05	
520	21.21	16.34	17.37	16.11	17.00	
521	20.21	16.38	17.37	16.14	16.99	
522	19.01	16.37	17.37	16.13	16.98	
523	18.31	16.38	17.38	16.14	16.99	
524	17.41	17.38	17.39	17.37	17.36	
525	16.90	16.90	16.93	16.89	16.90	
526	15.81	15.86	15.93	15.85	15.91	
527	14.81	14.89	15.00	14.88	14.98	
528	13.21	16.41	16.95	16.26	16.74	
529	12.11	16.45	17.13	16.27	16.88	
530	11.01	16.48	17.20	16.29	16.92	
531	10.80	16.52	17.25	16.32	16.96	
532	10.40	16.54	17.29	16.33	16.99	
533	11.79	16.60	17.32	16.38	17.00	
534	10.61	16.57	17.35	16.35	17.03	
535	10.30	16.63	17.38	16.40	17.06	
536	10.99	16.68	17.36	16.45	17.04	
537	12.98	16.65	17.45	16.42	17.13	
538	15.48	16.75	17.67	16.51	17.33	
539	18.18	16.79	17.90	16.55	17.53	
540	20.28	16.84	18.09	16.59	17.71	
541	21.79	16.87	18.11	16.62	17.70	
542	22.20	16.90	18.12	16.64	17.72	
543	22.00	16.95	18.10	16.68	17.70	
544	21.01	17.04	18.03	16.76	17.61	
545	19.81	17.06	18.01	16.79	17.60	
546	18.21	17.03	18.01	16.76	17.60	
547	16.81	17.04	18.02	16.76	17.60	
548	15.61	15.68	15.79	15.67	15.76	
549	15.00	15.09	15.20	15.08	15.18	
550	14.90	14.98	15.08	14.97	15.06	
551	15.20	15.25	15.33	15.24	15.31	
552	15.50	16.44	17.03	16.31	16.84	
553	15.70	16.55	17.21	16.39	16.98	
554	15.40	16.60	17.29	16.42	17.03	
555	14.61	16.66	17.36	16.46	17.09	
556	13.21	16.72	17.39	16.51	17.10	
557	12.01	16.71	17.45	16.49	17.15	
558	10.61	16.77	17.49	16.55	17.18	
559	10.60	16.77	17.52	16.55	17.21	
560	11.39	16.84	17.55	16.61	17.23	
561	13.98	16.89	17.60	16.65	17.28	
562	16.68	16.91	17.96	16.67	17.62	
563	19.58	16.96	18.31	16.71	17.93	
564	20.99	16.99	18.44	16.75	18.04	
565	21.89	17.08	18.35	16.82	17.93	
566	21.60	17.13	18.30	16.87	17.88	
567	21.50	17.18	18.26	16.91	17.84	
568	20.71	17.23	18.26	16.96	17.83	
569	20.01	17.26	18.26	16.99	17.83	
570	18.21	17.24	18.25	16.97	17.82	
571	16.51	17.24	18.26	16.96	17.83	
572	14.42	14.56	14.72	14.54	14.69	
573	13.31	13.47	13.65	13.46	13.63	
574	12.51	12.68	12.87	12.67	12.85	
575	12.80	12.93	13.09	12.92	13.07	
576	13.00	15.79	16.48	15.74	16.36	
577	13.79	16.03	16.76	15.93	16.58	
578	13.80	16.18	16.88	16.05	16.67	
579	13.90	16.27	16.95	16.12	16.71	
580	12.91	16.29	17.06	16.13	16.81	
581	12.40	16.34	17.12	16.17	16.86	
582	12.20	16.38	17.17	16.21	16.90	
583	12.10	16.46	17.21	16.27	16.92	
584	12.40	16.50	17.21	16.31	16.92	
585	13.29	16.54	17.28	16.34	16.99	
586	14.79	16.60	17.44	16.39	17.14	
587	16.59	16.65	17.62	16.44	17.30	
588	18.19	16.73	17.70	16.51	17.37	
589	19.19	16.82	17.70	16.60	17.36	
590	19.40	16.83	17.75	16.60	17.41	
591	18.90	16.87	17.75	16.63	17.40	
592	18.01	16.94	17.74	16.70	17.40	
593	17.01	16.95	17.77	16.70	17.42	
594	16.11	16.94	17.77	16.69	17.41	
595	15.51	16.94	17.78	16.69	17.43	
596	15.00	15.09	15.20	15.08	15.18	
597	14.40	14.51	14.63	14.50	14.61	
598	13.71	13.83	13.96	13.82	13.95	
599	13.01	13.14	13.30	13.14	13.28	
600	12.40	15.88	16.45	15.81	16.34	
601	12.00	16.07	16.68	15.96	16.52	
602	12.00	16.17	16.80	16.04	16.61	
603	12.20	16.24	16.88	16.09	16.68	
604	12.40	16.29	16.95	16.13	16.72	
605	12.40	16.34	17.00	16.17	16.77	
606	12.30	16.38	17.04	16.20	16.80	
607	11.80	16.41	17.08	16.22	16.83	
608	12.20	16.44	17.12	16.25	16.87	
609	12.40	16.48	17.17	16.28	16.91	
610	13.59	16.57	17.23	16.37	16.97	
611	14.59	16.57	17.42	16.37	17.14	
612	16.09	16.67	17.49	16.46	17.19	
613	16.70	16.73	17.53	16.51	17.23	
614	17.00	16.78	17.57	16.56	17.27	
615	15.91	16.82	17.59	16.59	17.27	
616	14.91	16.81	17.58	16.58	17.27	
617	13.41	16.88	17.54	16.64	17.22	
618	12.80	16.89	17.48	16.65	17.16	
619	11.91	16.78	17.58	16.53	17.26	
620	11.60	11.81	12.04	11.80	12.02	
621	10.61	10.84	11.08	10.83	11.07	
622	10.20	10.42	10.65	10.42	10.64	
623	9.80	10.02	10.24	10.01	10.24	
624	10.59	14.51	15.01	14.56	15.02	
625	11.29	14.86	15.37	14.85	15.33	
626	12.59	15.02	15.59	14.98	15.51	
627	12.90	15.14	15.72	15.07	15.61	
628	13.10	15.23	15.81	15.15	15.69	
629	6.85	15.32	15.86	15.22	15.72	
630	5.91	15.24	15.94	15.13	15.79	
631	6.10	15.34	16.00	15.23	15.84	
632	7.19	15.46	15.95	15.33	15.78	
633	9.68	15.36	16.11	15.23	15.94	
634	12.38	15.45	16.29	15.31	16.10	
635	15.18	15.56	16.65	15.42	16.43	
636	16.89	15.61	16.84	15.47	16.58	
637	17.99	15.69	16.84	15.54	16.57	
638	18.00	15.74	16.84	15.58	16.57	
639	17.90	15.78	16.76	15.62	16.48	
640	17.21	15.88	16.74	15.72	16.46	
641	16.61	15.91	16.78	15.73	16.49	
642	15.31	15.90	16.77	15.71	16.48	
643	14.01	15.91	16.79	15.72	16.49	
644	12.41	12.57	12.75	12.56	12.73	
645	11.31	11.49	11.69	11.48	11.67	
646	10.21	10.42	10.64	10.41	10.63	
647	9.80	10.00	10.21	10.00	10.21	
648	9.40	14.06	14.68	14.10	14.68	
649	9.40	14.35	15.01	14.35	14.95	
650	9.00	14.50	15.19	14.47	15.09	
651	8.60	14.60	15.30	14.54	15.18	
652	7.71	14.65	15.38	14.59	15.25	
653	6.41	14.71	15.45	14.64	15.30	
654	5.81	14.75	15.51	14.67	15.35	
655	6.49	14.80	15.55	14.70	15.39	
656	7.79	14.86	15.60	14.76	15.43	
657	10.48	14.91	15.66	14.80	15.48	
658	13.18	14.95	15.99	14.84	15.78	
659	15.98	15.03	16.23	14.91	16.00	
660	17.79	15.09	16.37	14.96	16.11	
661	19.19	15.18	16.38	15.05	16.11	
662	19.60	15.23	16.34	15.09	16.06	
663	19.90	15.27	16.31	15.12	16.02	
664	19.21	15.35	16.31	15.19	16.02	
665	18.01	15.36	16.31	15.19	16.02	
666	15.72	15.34	16.31	15.18	16.01	
667	13.32	15.34	16.33	15.17	16.02	
668	10.82	11.03	11.26	11.02	11.24	
669	9.41	9.64	9.90	9.64	9.88	
670	8.51	14.16	14.96	14.16	14.87	
671	8.60	14.40	15.25	14.36	15.11	
672	8.60	14.53	15.39	14.46	15.23	
673	8.80	14.58	15.48	14.49	15.30	
674	8.40	14.58	15.54	14.49	15.34	
675	8.00	14.70	15.60	14.59	15.40	
676	7.01	14.68	15.64	14.56	15.43	
677	6.21	14.75	15.69	14.63	15.47	
678	6.20	14.79	15.73	14.66	15.50	
679	7.49	14.82	15.76	14.69	15.53	
680	9.19	14.88	15.80	14.75	15.56	
681	12.17	14.93	15.97	14.79	15.72	
682	14.78	14.99	16.28	14.84	16.00	
683	17.58	15.06	16.47	14.90	16.17	
684	18.89	15.11	16.57	14.95	16.25	
685	19.99	15.16	16.59	15.00	16.25	
686	20.00	15.23	16.54	15.05	16.20	
687	20.10	15.29	16.51	15.11	16.16	
688	19.11	15.32	16.50	15.13	16.15	
689	17.81	15.34	16.50	15.15	16.14	
690	15.22	15.33	16.50	15.13	16.14	
691	13.02	15.32	16.50	15.12	16.15	
692	10.62	10.84	11.08	10.83	11.05	
693	9.81	10.01	10.25	10.01	10.23	
694	9.11	14.14	15.08	14.12	14.96	
695	9.40	14.39	15.37	14.32	15.20	
696	8.80	14.50	15.52	14.41	15.31	
697	8.50	14.57	15.61	14.47	15.38	
698	7.41	14.62	15.68	14.50	15.44	
699	6.90	14.67	15.73	14.55	15.48	
700	6.11	14.69	15.77	14.56	15.52	
701	6.40	14.73	15.81	14.58	15.55	
702	5.21	14.75	15.85	14.60	15.58	
703	5.79	14.77	15.88	14.62	15.61	
704	7.39	14.81	15.91	14.66	15.64	
705	11.07	14.88	16.05	14.72	15.76	
706	14.67	14.94	16.39	14.78	16.08	
707	18.37	15.01	16.68	14.84	16.33	
708	19.99	15.09	16.78	14.92	16.40	
709	20.89	15.17	16.76	14.99	16.38	
710	20.21	15.19	16.70	15.00	16.32	
711	19.90	15.24	16.66	15.05	16.27	
712	18.61	15.24	16.66	15.04	16.27	
713	17.61	15.27	16.64	15.07	16.24	
714	15.32	15.27	16.64	15.06	16.24	
715	13.52	15.27	16.65	15.06	16.24	
716	11.22	11.41	11.63	11.40	11.61	
717	10.31	10.50	10.72	10.49	10.70	
718	9.51	9.71	9.94	9.70	9.93	
719	9.80	13.78	14.77	13.77	14.67	
720	9.50	14.04	15.09	13.99	14.93	
721	9.70	14.18	15.26	14.10	15.06	
722	9.01	14.26	15.36	14.17	15.14	
723	8.70	14.32	15.44	14.21	15.20	
724	7.21	14.36	15.50	14.24	15.25	
725	6.80	14.40	15.55	14.27	15.29	
726	6.40	14.41	15.59	14.28	15.33	
727	7.29	14.46	15.63	14.32	15.36	
728	8.79	14.53	15.67	14.39	15.40	
729	11.68	14.55	15.77	14.40	15.49	
730	14.28	14.64	16.04	14.48	15.73	
731	16.98	14.71	16.29	14.55	15.96	
732	18.29	14.76	16.43	14.59	16.07	
733	19.29	14.83	16.42	14.65	16.05	
734	19.20	14.91	16.38	14.73	16.01	
735	19.20	14.93	16.34	14.74	15.97	
736	18.31	15.00	16.34	14.81	15.96	
737	17.21	15.01	16.35	14.81	15.97	
738	14.92	14.99	16.35	14.79	15.96	
739	12.72	14.98	16.35	14.78	15.97	
740	10.22	10.44	10.69	10.43	10.67	
741	9.01	9.24	9.50	9.23	9.48	
742	8.11	13.74	14.83	13.72	14.71	
743	8.40	14.00	15.15	13.93	14.96	
744	8.30	14.12	15.30	14.03	15.08	
